0.0237848723516703
0.02434686271596486
0.0309432614266948
0.03003332879362455
0.02411236669217986
0.02305056346666735
0.02323363504958518
0.02846555779512974
0.03216764797548274
0.02579860089590439
0.0286766545983839
0.0287908835571624
0.03187305314515436
0.025404832330767
0.02656641162258138
0.03110215026798346
0.02789122157033777
0.02572140956716921
0.02341882391300758
0.02677910504911385
0.03184749074567578
0.02599348522284874
0.02545385201309733
0.02884153544683238
0.03075916753303218
0.02970780810630278
0.0326968359912127
0.02665695190507537
0.02966593011161092
0.03011798807620743
0.02775853943077477
0.02949675357037657
0.02547476426657679
0.03197257713574159
0.02554656033762167
0.03063344673546289
0.02761929568116556
0.03361162869726388
0.02522875303861417
0.03139363744853813
0.03328213194677638
0.03186325360047429
0.03317141198456905
0.03319507212941569
0.02944067482817088
0.03108816290047267
0.03436368377778481
0.0303328671578602
0.03604490354955977
0.03035251053317688
0.03272293961589383
0.02804563980680427
0.03058517940650812
0.03423482733442237
0.0276281823305342
0.03186617357557216
0.03064385452767464
0.03239386616060456
0.03027195653613004
0.03235065489092462
0.02963480447824673
0.02800260897591833
0.03704234807513718
0.02997764978686473
0.03016957571972503
0.03556255137144564
0.03750313868198023
0.03310976196882635
0.02843429864658915
0.03445142412965719
0.03621507127192702
0.03407264708433882
0.02903560553515335
0.03407337409187476
0.03477822423185995
0.03257867552299432
0.0338972619506625
0.03825463228584268
0.02942053231359361
0.03236852750229689
0.03740566308132933
0.0336656814388796
0.033752718666131
0.0308367722886504
0.03036947086334965
0.03251398322124967
0.03963388945238894
0.03737880059126669
0.0305255112048405
0.03160458240114682
0.03083781558879888
0.03697383783150714
0.0341038869240753
0.03836697888309869
0.03208643996068883
0.03859526074786377
0.03343421205795569
0.03200204751557773
0.03299830185255309
0.03912673961567465
0.03591823007576224
0.03663583752608025
0.03998515239498129
0.03867045930801803
0.03669169046094574
0.0337929428004269
0.03642096430792746
0.03336338812516669
0.04035566633930886
0.03736109235488829
0.037777341688562
0.0352328776160621
0.04043465670438934
0.04085920656939288
0.03902769861238069
0.03803175265791136
0.04137924580232322
0.03894115622398657
0.04365911081594396
0.03506783574695164
0.04061080156132223
0.04346289969664083
0.04378527077484268
0.03576922454697631
0.04325221029909583
0.03576393628615657
0.037845133406716
0.03744059167679244
0.03601081293429486
0.04493820606442789
0.04571722076128121
0.04312628419145636
0.04543388824280416
0.04385268159121804
0.03830031137104575
0.03970606129315844
0.04548757115798709
0.04497933790119717
0.04048809338636153
0.04652820653482322
0.04532222802662463
0.04717074610769172
0.04447754861316429
0.04409563974175162
0.0388048919002298
0.04368034511249686
0.04137167528985217
0.04245970413012463
0.03900734889854963
0.04183259352420497
0.04139601021342891
0.03970743700135144
0.04583858763220409
0.04187012653698441
0.0435388351195825
0.04387220239527556
0.04728968978775331
0.04512819337772897
0.04368324732912982
0.04884784831054628
0.0474084067010063
0.04518499478788498
0.04558601904216403
0.04350227873323434
0.04662810930555848
0.04502387926927647
0.0492351790719706
0.04736237440071862
0.05143760593328371
0.04621688830296484
0.04423413089894061
0.05205328714546651
0.05200898956055005
0.05012084971604062
0.04878978353918738
0.05284399432119537
0.04630084787738183
0.05165038297506862
0.05361908591751029
0.04482334869673026
0.05353782268900564
0.04521867645521131
0.05365264665679093
0.04883585826955348
0.04991429743567563
0.05071644138890855
0.05390608327951781
0.04821239844716217
0.05248887216361519
0.05015641762729559
0.04892620650329675
0.05339039392032188
0.05524532406468891
0.05233722226673435
0.05119666568503149
0.05398913122258515
0.05578043297502971
0.05319885537830585
0.05244072565298376
0.05433427148793547
0.05464064872445205
0.05758392523139184
0.05278461466429346
0.05253535012129101
0.05617974625844079
0.05556307283302746
0.05355932943369773
0.05562869338121339
0.05774609701491953
0.05265766605625413
0.05846617434569076
0.05194354802883113
0.06174739410324497
0.06042814239675517
0.05809359417319898
0.05565488706886564
0.05631151315073848
0.06181212563090434
0.05677587426709681
0.05821564510253854
0.06055899667180389
0.05850092486852869
0.05781145944371728
0.05946600667620067
0.06446633510340062
0.05735184481335773
0.05688812930835203
0.06393202775440743
0.06465872111874886
0.05896000913935731
0.06436498567162317
0.06151103591274092
0.06368371760514042
0.0592919331750219
0.06621569307035026
0.05836812160733597
0.05943863348151657
0.05947191164060219
0.06707136959311565
0.06203084739943273
0.06219864947752605
0.06844866317960656
0.06829706180377451
0.06197306727638176
0.0634547900801582
0.06987127862305113
0.06209764252760211
0.06186045544329823
0.07121034474630325
0.06868132492779903
0.0643431346795849
0.06307103416078173
0.07175748639884552
0.07217455733231128
0.06869724807569927
0.06370170633379262
0.06560082569910168
0.06500333154720056
0.07306135008734578
0.06784167058632046
0.07452092626841342
0.07263826931238407
0.06839100987849249
0.07609535697564923
0.07174968172826643
0.07527345941101625
0.07364616755298167
0.07491633070720798
0.07254322511105948
0.07717552874958795
0.07746529914275856
0.06921324530416866
0.07249567689657403
0.07954977133066339
0.07542784453864099
0.08014162663383115
0.07908392690897106
0.08066965248914423
0.07667107185502174
0.07913830343527196
0.07319076200970874
0.07934730141334261
0.08040213710830738
0.08255899788579746
0.07716031803252021
0.07755276625350097
0.0821577183223532
0.07916215301654689
0.07974000420933321
0.0796424933265865
0.08098070455211975
0.07723260875993557
0.08186947310647875
0.0838792772126163
0.08489017933940962
0.08097209717207619
0.07935259423063115
0.0857770596178512
0.08838796865382692
0.08553512402943053
0.08878315100756276
0.08275559902006636
0.08589220897128121
0.08991538865215448
0.08283460184555037
0.0823985500088829
0.08969584206587503
0.08877905479138032
0.08953577229504381
0.0858037264819142
0.09292031682142772
0.09178833618542492
0.08805566033383014
0.09117471526852386
0.09021566779359694
0.0906445018640878
0.08719207777557474
0.09579692772057857
0.08726352988508645
0.08820583086916831
0.0906144924352177
0.08930642073117455
0.09028851862439141
0.08937789489676291
0.0993140558934657
0.09150001746635039
0.09178740579406432
0.09529961620841387
0.1000787707093029
0.10169407224848
0.09277496006986392
0.09870878603718004
0.09350414870038673
0.1027024900932807
0.09896247258387035
0.09514501281979225
0.1034703897244311
0.1002347680476648
0.1032387052466488
0.1036565945975769
0.1065331075514966
0.1061415311586964
0.1032582418913606
0.1067894871816332
0.1071703807395629
0.1033489970494328
0.1031481292157989
0.1086636777881889
0.1082971513873151
0.1073278307142204
0.1027644121262038
0.1083504529866695
0.1093807537765226
0.104588311871865
0.1095410662738579
0.1137048792209985
0.1106501823464087
0.114680353043861
0.1147050897309309
0.1083101806872129
0.1144746877571399
0.1112148390236431
0.1101002179961154
0.1137911630781346
0.1146608926146283
0.1179569741684502
0.1182360531259992
0.1180606609896561
0.1200807291145762
0.1200166321709224
0.1171814184496991
0.1214670007411132
0.1180092783422141
0.120156732592284
0.1217873864631584
0.1211228031608442
0.1221025355123651
0.1194663017028034
0.1257129434039025
0.1247933124164756
0.1185690570803023
0.1242747502015385
0.1195120587692469
0.1274483744434763
0.1195968274358913
0.1212533531839387
0.1296001155781406
0.1288042984398993
0.1280536944631409
0.131656627468824
0.1294578040067355
0.1325168284994186
0.1325229206394876
0.1297758223241652
0.1319849132256394
0.1342670847571941
0.1352561545124568
0.1330682377512085
0.1278691393429256
0.1283439616283618
0.1282980766107631
0.1308803217257955
0.135817045778922
0.1327160981344013
0.1333770647279801
0.137896334027153
0.1321806523851909
0.1393094670737131
0.1315192032196185
0.1373324360182194
0.1409500590036118
0.1342619677822297
0.13657593823798
0.133888899461955
0.1439050796424765
0.140278784009437
0.1405461899704213
0.1393256341631712
0.1391086564498485
0.1398814803615498
0.1445326556956748
0.1421372193705695
0.1405667638123874
0.1465558168895445
0.1408201404791445
0.1401470987203971
0.1452865353378687
0.1473329680905094
0.1474797837937546
0.1489497431418648
0.1420597209944892
0.1468191074579543
0.1509816322016301
0.1497218901019759
0.1449647866277532
0.1488548471209647
0.1540283663275303
0.1531690377574304
0.1500870124102487
0.1541918572139302
0.1547609372543101
0.1468808838017365
0.1478541944299696
0.1514518002503389
0.1529937735809316
0.1551031895895556
0.1494744317431253
0.1576956587438896
0.151760517582103
0.1554928603254308
0.1536422662001871
0.1582504765858478
0.154903638830255
0.1527942300003032
0.1516732039588339
0.1613981073656175
0.1603017481004803
0.1545867981163477
0.1558235734950578
0.1543929222643013
0.1562895007360004
0.1601949277120272
0.1597326889743906
0.1539217453661764
0.1630878121842315
0.1620176259814864
0.1634580324334922
0.1643175352533539
0.1588158478173524
0.1609142946161549
0.164435562550083
0.16311123368813
0.1639921878086386
0.1623063013002095
0.1605794435135036
0.1651981120110775
0.1601701041020425
0.1659243018844014
0.1663889314071038
0.1593597225300716
0.1598981100325688
0.1610261047037693
0.1659025407736024
0.1649608078739108
0.1653240704051357
0.1641634707176408
0.1679545139240032
0.1646331918993964
0.1619860509805243
0.1655058557495628
0.1664221099232032
0.164317041445003
0.1602288753446892
0.1613702162289588
0.1677901146130707
0.160310376475855
0.1630531771891713
0.1592865918304997
0.1603954029590946
0.1619517300103396
0.1621135541424413
0.159690112007023
0.1690654464949501
0.1673252439516481
0.1613327551816223
0.163196636422687
0.1665173755668776
0.1609245630418452
0.1645556442751573
0.1610055824902415
0.1680288542661485
0.1640463818407505
0.1595494976024128
0.1601432539662669
0.1634338602571703
0.1625366113137161
0.1595188340360921
0.1665813076029693
0.1609396879021734
0.1606408828492228
0.1675388444035283
0.1577632823181477
0.1651187613059895
0.1633557231339701
0.157087737807765
0.1661281419528421
0.1588313719287038
0.1650922028941606
0.1587960995981516
0.1580175952152187
0.1632348378538615
0.161820255825102
0.164704694015979
0.1580598898893946
0.1579712382386276
0.1576830464664023
0.1569724458528759
0.1561357609108077
0.1550972262983646
0.1536303107202692
0.160490379240009
0.1570340404027641
0.1606468684643126
0.1588542818587113
0.153534127361805
0.1548652571639794
0.1523896939354577
0.1596395669109538
0.1557285975251317
0.1540634441489467
0.1522508230514704
0.1497266131100762
0.1550661091123187
0.1537667657074423
0.1551907430369943
0.1566083660989901
0.1571031696281204
0.154353800501464
0.1561035754368406
0.1469311681820906
0.1468698395061185
0.1515529537897112
0.1526989115314008
0.1493923445926186
0.1459280257518547
0.151022552751163
0.1493952010019252
0.1528682659332586
0.1487505337149388
0.1428623204680665
0.1512514195806308
0.145116793129184
0.1501200335142636
0.1476522223349575
0.1451891715092938
0.1454066816066641
0.1446119279399952
0.146017946421393
0.1436229780989602
0.1460160893847081
0.146135267683378
0.1427865099540788
0.1458088090097673
0.1403203806805419
0.1411214464699614
0.1350734228094236
0.1378753355890371
0.1428043769136563
0.1366688273078078
0.1412402522806842
0.1324189897888036
0.1399296547801166
0.13620173614655
0.1380852224803718
0.1309380381258591
0.1387362883999966
0.1294450504707877
0.1344746720862676
0.1286864792185201
0.133891332185974
0.136210880441415
0.1275613464278606
0.133874778445514
0.1258720639681603
0.1315060856252308
0.1329013749928326
0.1248700785463365
0.1313988738789794
0.1270360500860398
0.1245178101919572
0.1238272067341818
0.1282586551306785
0.1239409588510578
0.1291130788318402
0.1257376880330026
0.1291616915825291
0.1262349334700788
0.1221911894368296
0.1225772715224959
0.1240687361954972
0.1221366489948109
0.1194668102344354
0.1246469733883025
0.1225750890401177
0.1207359927233396
0.1205290690945577
0.1168096481163855
0.116893836423111
0.1145341710980732
0.1182233807585738
0.1157778550721673
0.1164507701663206
0.1154942555931286
0.1125924484322532
0.1168839884457173
0.1095106334795764
0.1149617946403504
0.1176164237248848
0.1172776811685239
0.1139133972055573
0.1069083969653792
0.1138791190427532
0.1138928834691376
0.1078913000209058
0.1067587750018621
0.1084220558323903
0.1059985296445158
0.1052231530098597
0.105281227358984
0.1067418234159167
0.1117001739277253
0.1031188933204513
0.1050777407855748
0.1014069241671454
0.1017142544472282
0.09951816263217381
0.1045108743760534
0.1022879306510822
0.1066109185917756
0.09976829404597103
0.1058016899717797
0.1039425341041523
0.102000381011505
0.1023574884832402
0.1003933429607306
0.09795858193328044
0.1006968174507441
0.09950731832063892
0.09745818095348326
0.1027276087379409
0.09687758997427046
0.09635476612056293
0.09223780993857604
0.10086979546711
0.09546465727338677
0.09136079655420334
0.09764590869984507
0.09251010017404387
0.09199201308297626
0.09577509087102479
0.09536561497907536
0.09540029302326113
0.09258009584822008
0.09075429599701425
0.09358271190878859
0.08809940094891043
0.09031107275949922
0.09024187804605964
0.09425585754326067
0.08536445695402234
0.08796347716451035
0.08571847348873141
0.08800980630288886
0.0893621122078921
0.08432318910649766
0.08856214997857276
0.0904723973924183
0.08901191316854307
0.08401231067502551
0.0852984803608111
0.08647077003488808
0.0862649463994849
0.0801898217611198
0.08142167930627367
0.08647704524160882
0.0785874917236689
0.07885160492113408
0.07769265814082661
0.07664726394111142
0.08017599706784573
0.07928483482297451
0.07944290040870271
0.08100924597257408
0.07658100264342405
0.07843386870302278
0.0827118828390602
0.07715196764095457
0.08248337087812993
0.08188990291946074
0.07496118686127454
0.07703208982359064
0.07755775242716968
0.07972101352693438
0.07702402110002911
0.07122655428507541
0.07510474131923651
0.07743134254914329
0.07699257409994012
0.07127102132801559
0.07668619973397835
0.06925908946896206
0.06890786591356531
0.07467870774174643
0.07684448710150357
0.07118881940156613
0.07190210932364631
0.06757278286821965
0.06917031226477718
0.06749640405811175
0.06645103353115669
0.07166583236818655
0.06735051979881013
0.06625833432982534
0.07224695400972521
0.06935051361679516
0.06767643427606281
0.06754701056930246
0.06542694522944287
0.0707613727365039
0.07019337850779567
0.07135608078450958
0.06824852345361347
0.06866581604294145
0.06625242118029467
0.06715715475222178
0.06778676457163899
0.06234700249257544
0.06225167549995804
0.06310972489490378
0.06163021690882793
0.06897493730785542
0.06343110633975731
0.06446894253189607
0.06112202816313769
0.06622431691450527
0.05939970129054502
0.06146773062422688
0.06444231514097246
0.06608816700547554
0.0617332402576934
0.06003658466272424
0.06020967757379539
0.06501055997980169
0.06370081993574717
0.06043049061133683
0.05939897953558207
0.06071250127717143
0.0552104473043211
0.06155593438459683
0.05851454745254151
0.05910168037552802
0.06309048891540038
0.05631976429167124
0.05487930549281064
0.05650425045663096
0.05782897077679321
0.05740183497294658
0.0564558778990279
0.05547478592377355
0.05789481709914301
0.05376139355314203
0.05416949768135819
0.05907492321451631
0.05765982287376453
0.05730087063159209
0.0554550802545388
0.05269954373279875
0.05770564600021553
0.05129112659719921
0.05803585656206895
0.04976078727501483
0.05663452174437711
0.05717939705236427
0.05443593746484891
0.05217093876655526
0.04944919663176485
0.05073230663019299
0.05336379823780822
0.05111552643494828
0.05595679937042301
0.05130945824118786
0.0469764081608024
0.04794131132188083
0.05186075985034468
0.05314848705384973
0.05249996010598384
0.05420012829455853
0.04936356491093579
0.04988651938179814
0.05144621578219175
0.05061753011020909
0.04762165154665737
0.04692669101606711
0.05200702338106614
0.04661996176747673
0.04470568975742469
0.04653374816884634
0.05180035533616046
0.04387449097983841
0.04651049609431197
0.04410965553601214
0.04640971416361415
0.04309432320185481
0.0514732887733205
0.04584189555247695
0.04356347958270752
0.05008786236854626
0.0488321946369601
0.04783777598603008
0.04916067986278479
0.04861223654486109
0.04536884362831387
0.04718040261960717
0.04571723998797259
0.04093339702740565
0.04299467822763966
0.04479399909301523
0.04245196500030867
0.04041391993421684
0.03985769646318611
0.04562877222587261
0.04103337569679511
0.04865219714815763
0.04029371658578399
0.04633108345106957
0.0463459135668591
0.04331921712385763
0.04659175774188536
0.04023015915762063
0.04112311419534666
0.04442096376206268
0.0437882341886557
0.04685466340506489
0.04568440144175798
0.04457514412439255
0.04664075301394147
0.04489132620532643
0.04361129241717047
0.04183898501066752
0.04232489720225296
0.03778154640129756
0.03874690844857463
0.04259539066671721
0.04119620738405263
0.03752668014345881
0.03685792752248367
0.03807562917720535
0.04466779414434977
0.04086421710227995
0.03888107171816454
0.04314755774651767
0.03450886110379131
0.0355212227250791
0.04326055786753832
0.04376245771954992
0.0387752523485803
0.04127833173038413
0.04206524895729026
0.03343836980565412
0.03565638719511641
0.03517834124752245
0.03472382105098969
0.03454734692624839
0.0394799504961665
0.04211517140028832
0.04109440366391613
0.04056470196938049
0.03945607721747184
0.03571282364690065
0.03909390600919534
0.03788729296611822
0.03758357714988944
0.03958773998928976
0.0380694018777441
0.0370107742080274
0.03248152631841907
0.03339528484592901
0.03602633683000243
0.03251947059833896
0.0314299216750424
0.03588733676031786
0.03977891763357085
0.03533199825999053
0.03180444358492197
0.03984654785350117
0.03720596086690542
0.03365737562937566
0.03626750197403903
0.03749318429064595
0.03079154178287751
0.03020141752040586
0.03750144369259735
0.03151512852284504
0.03515236273860808
0.03395346642055332
0.03020276516182818
0.02946491641730945
0.03228492626385206
0.03358106472142373
0.03678224119290445
0.03595418073669951
0.0306370425031554
0.03105385365461824
0.02816816973242517
0.03423167395715033
0.02921161607613418
0.03321384430305556
0.02970149454368125
0.03731723691188372
0.02936251083888409
0.03148157754283622
0.03088382625179836
0.0291848337350021
0.03000111647905484
0.0284731539845927
0.02833406694609045
0.02677782816644167
0.03083084373199294
0.03075199228683149
0.03575059911327549
0.02836417159932303
0.0308830720343144
0.02662496778926394
0.03442375888665013
0.03351250299238407
0.03310048004542985
0.02973601414584357
0.03325972083748137
0.02721169795544578
0.02823020200181171
0.02781807547195479
0.02652001207495388
0.03388085331315559
0.02623517395986241
0.03286598250131563
0.0295106583883242
0.02775165327191773
0.03048660965904644
0.02540982547526492
0.0255283217756733
0.02979203542642608
0.02614344554345633
0.02829801572358706
0.03199395806068667
0.02486509963582244
0.03071463146746997
0.03197271856594347
0.02981130418426847
0.02733031440999293
0.02800860472199844
0.02826121248310294
0.02432586557980833
0.03117688675265238
0.03053717183951519
0.02659620495186441
0.02435587076556167
0.0272378953404277
0.02306766061036868
0.02929132764541352
0.02883926474491374
0.02651656916914851
0.02763073109661317
0.02370658838212466
0.02491933867010744
0.02447415436864258
0.02243218195875503
0.02950016850011686
0.02461287145173317
0.02390831268125609
0.02373306845275444
0.02543623001603622
